0         	4.25      	0.129357  	-inf      	-inf      	-inf      	
0.0014    	4.25875   	0.129714  	-inf      	-inf      	-inf      	
0.0056    	4.28466   	0.130776  	-2.44718  	-2.05029  	-2.09718  	
0.0126    	4.32677   	0.132516  	-2.08279  	-1.68589  	-1.73279  	
0.0224    	4.3835    	0.134893  	-1.85381  	-1.45691  	-1.50381  	
0.035     	4.45278   	0.137849  	-1.63735  	-1.24045  	-1.28735  	
0.0504    	4.53208   	0.141315  	-1.49819  	-1.10129  	-1.14819  	
0.0686    	4.61858   	0.145216  	-1.36117  	-0.96402  	-1.01117  	
0.0896    	4.70927   	0.149467  	-1.25219  	-0.854445 	-0.902194 	
0.1134    	4.80106   	0.153983  	-1.16151  	-0.762957 	-0.811511 	
0.14      	4.89095   	0.158681  	-1.07204  	-0.672394 	-0.722041 	
0.1694    	4.97609   	0.16348   	-1.00035  	-0.599943 	-0.650736 	
0.2016    	5.05389   	0.168307  	-0.92715  	-0.527389 	-0.579574 	
0.2366    	5.12212   	0.173094  	-0.861412 	-0.463476 	-0.517143 	
0.2744    	5.17894   	0.177787  	-0.801462 	-0.406183 	-0.46141  	
0.315     	5.22293   	0.182341  	-0.740458 	-0.348766 	-0.405774 	
0.3584    	5.25311   	0.18672   	-0.686926 	-0.299169 	-0.35795  	
0.4046    	5.26894   	0.190901  	-0.632408 	-0.249307 	-0.310073 	
0.4536    	5.27025   	0.194872  	-0.581726 	-0.203586 	-0.266396 	
0.5054    	5.25725   	0.198626  	-0.534264 	-0.161314 	-0.226224 	
0.56      	5.23044   	0.202169  	-0.486236 	-0.119007 	-0.186214 	
0.6174    	5.19061   	0.205509  	-0.442704 	-0.081142 	-0.150626 	
0.6776    	5.13869   	0.208661  	-0.398755 	-0.0432921	-0.115241 	
0.7406    	5.0758    	0.211644  	-0.357356 	-0.00803484	-0.0824923	
0.8064    	5.00311   	0.214478  	-0.318231 	0.0249353 	-0.0520712	
0.875     	4.92184   	0.217186  	-0.279012 	0.0576903 	-0.0220382	
0.9464    	4.83323   	0.219789  	-0.242982 	0.0874612 	0.00504611	
1.0206    	4.73845   	0.222309  	-0.20697  	0.116973  	0.0317102 	
1.0976    	4.63864   	0.224765  	-0.172934 	0.144605  	0.0564716 	
1.1774    	4.53486   	0.227177  	-0.140712 	0.170529  	0.0795068 	
1.26      	4.42808   	0.22956   	-0.108697 	0.1961    	0.102049  	
1.3454    	4.31917   	0.231929  	-0.079124 	0.219505  	0.122479  	
1.4336    	4.20891   	0.234296  	-0.0498082	0.242557  	0.14243   	
1.5246    	4.09799   	0.236672  	-0.0220907	0.264183  	0.160958  	
1.6184    	3.98702   	0.239064  	0.00414235	0.2845    	0.178184  	
1.715     	3.87651   	0.241481  	0.0295158 	0.304033  	0.19458   	
1.8144    	3.76692   	0.243925  	0.0540234 	0.322791  	0.210162  	
1.9166    	3.65862   	0.246403  	0.0776649 	0.34079   	0.224954  	
2.0216    	3.55192   	0.248916  	0.100013  	0.357686  	0.238689  	
2.1294    	3.44711   	0.251467  	0.121155  	0.373074  	0.251453  	
2.24      	3.34441   	0.254055  	0.141933  	0.387439  	0.263835  	
2.3534    	3.24399   	0.256683  	0.161207  	0.400017  	0.275091  	
2.4696    	3.146     	0.25935   	0.18013   	0.411714  	0.286008  	
2.5886    	3.05056   	0.262055  	0.198011  	0.422105  	0.296146  	
2.7104    	2.95776   	0.264799  	0.214917  	0.431305  	0.305567  	
2.835     	2.86768   	0.267579  	0.231194  	0.439586  	0.314512  	
2.9624    	2.78035   	0.270396  	0.246851  	0.446985  	0.322999  	
3.0926    	2.69581   	0.273247  	0.261898  	0.453539  	0.331048  	
3.2256    	2.61407   	0.276133  	0.276108  	0.459154  	0.338523  	
3.3614    	2.53513   	0.27905   	0.289531  	0.463896  	0.345471  	
3.5       	2.45898   	0.281998  	0.302646  	0.468032  	0.352205  	
3.6414    	2.38558   	0.284976  	0.314819  	0.471272  	0.358329  	
3.7856    	2.31491   	0.287982  	0.326705  	0.473943  	0.364271  	
3.9326    	2.24692   	0.291015  	0.337919  	0.475886  	0.369791  	
4.0824    	2.18156   	0.294072  	0.348502  	0.477234  	0.374922  	
4.235     	2.11876   	0.297154  	0.358821  	0.478597  	0.379904  	
4.3904    	2.05846   	0.300257  	0.368393  	0.479834  	0.384433  	
4.5486    	2.0006    	0.303381  	0.377723  	0.481136  	0.388838  	
4.7096    	1.94509   	0.306525  	0.386517  	0.482368  	0.392933  	
4.8734    	1.89185   	0.309686  	0.394808  	0.48353   	0.396742  	
5.04      	1.8408    	0.312864  	0.402881  	0.484736  	0.400452  	
5.2094    	1.79187   	0.316056  	0.410365  	0.485809  	0.403825  	
5.3816    	1.74496   	0.319262  	0.417652  	0.486916  	0.407118  	
5.5566    	1.69998   	0.32248   	0.424515  	0.487943  	0.410184  	
5.7344    	1.65686   	0.325708  	0.430982  	0.488891  	0.413041  	
5.915     	1.6155    	0.328946  	0.437176  	0.489811  	0.415771  	
6.0984    	1.57581   	0.332191  	0.443107  	0.490702  	0.418381  	
6.2846    	1.53773   	0.335443  	0.448784  	0.491559  	0.420877  	
6.4736    	1.50115   	0.338699  	0.45413   	0.492336  	0.423208  	
6.6654    	1.466     	0.34196   	0.459168  	0.493037  	0.425384  	
6.86      	1.43221   	0.345222  	0.463994  	0.493705  	0.427474  	
7.0574    	1.39968   	0.348485  	0.468618  	0.49434   	0.429482  	
7.2576    	1.36836   	0.351749  	0.473047  	0.494941  	0.431412  	
7.4606    	1.33817   	0.35501   	0.477221  	0.49547   	0.43322   	
7.6664    	1.30904   	0.358268  	0.481156  	0.495929  	0.434915  	
7.875     	1.2809    	0.361522  	0.484995  	0.496395  	0.436597  	
8.0864    	1.2537    	0.364771  	0.488554  	0.496759  	0.438131  	
8.3006    	1.22737   	0.368013  	0.492031  	0.49713   	0.439659  	
8.5176    	1.20186   	0.371248  	0.495312  	0.497439  	0.441095  	
8.7374    	1.17711   	0.374473  	0.49841   	0.49769   	0.442447  	
8.96      	1.15308   	0.377689  	0.501441  	0.497948  	0.443799  	
9.1854    	1.12972   	0.380893  	0.504255  	0.498122  	0.445035  	
9.4136    	1.10699   	0.384084  	0.507013  	0.498303  	0.446274  	
9.6446    	1.08484   	0.387263  	0.509622  	0.498436  	0.447445  	
9.8784    	1.06324   	0.390427  	0.512091  	0.498522  	0.44855   	
10.115    	1.04216   	0.393575  	0.514516  	0.498618  	0.449663  	
10.3544   	1.02155   	0.396707  	0.516773  	0.498646  	0.450683  	
10.5966   	1.0014    	0.399822  	0.518992  	0.498686  	0.451713  	
10.8416   	0.98167   	0.402918  	0.521098  	0.498687  	0.452688  	
11.0894   	0.962339  	0.405995  	0.523097  	0.498654  	0.453613  	
11.34     	0.943385  	0.409052  	0.525033  	0.498611  	0.45452   	
11.5934   	0.924786  	0.412088  	0.526908  	0.498559  	0.455409  	
11.8496   	0.906523  	0.415102  	0.528724  	0.498499  	0.45628   	
12.1086   	0.88858   	0.418093  	0.530453  	0.498412  	0.457109  	
12.3704   	0.870941  	0.421061  	0.5321    	0.498299  	0.457897  	
12.635    	0.853591  	0.424005  	0.5337    	0.498182  	0.458672  	
12.9024   	0.83652   	0.426924  	0.535255  	0.498062  	0.459434  	
13.1726   	0.819715  	0.429818  	0.536767  	0.49794   	0.460183  	
13.4456   	0.803166  	0.432685  	0.53821   	0.497798  	0.460897  	
13.7214   	0.786866  	0.435526  	0.539589  	0.497638  	0.461577  	
14        	0.770805  	0.438339  	0.540958  	0.497495  	0.462269  	
